116.044
117.302
118.594
119.921
121.285
122.689
124.133
125.621
127.154
128.736
130.368
132.053
133.795
135.597
137.462
139.396
141.401
143.482
145.646
147.897
150.241
152.686
155.239
157.907
160.702
163.632
166.708
169.945
173.355
176.955
180.763
184.799
189.087
193.654
198.529
203.747
209.351
215.386
221.909
228.986
236.693
245.125
254.394
264.638
276.025
288.767
303.127
319.448
338.169
359.876
385.36
415.719
452.52
498.083
555.992
632.089
736.592
889.133
1132.83
1584.41
2708.25
10382.7
5308.03
2058.91
1255.56
891.573
683.924
549.715
455.859
386.556
333.306
291.131
256.921
228.634
204.873
184.652
167.251
152.138
138.906
127.243
116.9
107.683
99.4336
92.0222
85.3429
79.3075
73.8418
68.8834
64.3788
60.2824
56.5545
53.1608
50.0711
47.2591
44.7011
42.3765
40.2664
38.3544
36.6254
35.0658
33.6637
32.4081
31.2891
30.2982
29.4275
28.6702
28.0203
27.4728
27.0233
26.6683
26.4051
26.2314
26.146
26.1482
26.238
26.4161
26.6839
27.0435
27.4978
28.0503
28.7054
29.4683
30.3448
31.342
32.4675
33.7303
35.14
36.7077
38.4455
40.3671
42.4874
44.8233
47.3935
50.2188
53.323
56.7327
60.4782
64.594
69.1201
74.1026
79.5952
85.6609
92.3746
99.8252
108.12
117.389
127.793
139.528
152.846
168.063
185.591
205.97
229.931
258.477
293.03
335.674
389.587
459.876
555.287
692.165
904.979
1281.09
2125.32
5751.55
9071.62
2613.74
1552.87
1117.24
879.859
730.448
627.72
552.726
495.549
450.495
414.064
383.981
358.709
337.168
318.579
302.366
288.093
275.426
264.1
253.909
244.685
236.291
228.618
221.571
215.073
209.061
203.478
198.277
193.418
188.867
184.592
180.567
176.77
173.18
169.779
166.551
163.482
160.559
157.771
155.108
152.561
150.122
147.782
145.536
143.376
141.299
139.297
137.368
135.505
133.706
131.967
130.285
128.655
127.077
125.546
124.06
122.618
121.216
119.854
118.528
117.238
115.982
114.758
113.565
112.402
111.267
110.159
109.077
108.02
106.987
105.977
104.989
104.022
103.077
102.15
101.244
100.355
99.4845
98.631
97.7942
96.9735
96.1684
95.3783
94.6028
93.8415
93.0938
