208.75
205.195
201.671
198.18
194.72
191.293
187.897
184.533
181.201
177.901
174.633
171.397
168.193
165.02
161.88
158.772
155.695
152.651
149.638
146.658
143.709
140.793
137.909
135.056
132.236
129.447
126.691
123.967
121.274
118.614
115.986
113.39
110.826
108.295
105.795
103.328
100.893
98.4895
96.1187
93.7802
91.4739
89.1999
86.9582
84.7488
82.5718
80.4272
78.315
76.2353
74.188
72.1733
70.1911
68.2414
66.3245
64.4402
62.5886
60.7698
58.9838
57.2308
55.5106
53.8235
52.1694
50.5485
48.9608
47.4063
45.8853
44.3977
42.9436
41.5232
40.1366
38.7838
37.4649
36.1802
34.9296
33.7133
32.5314
31.3841
30.2715
29.1937
28.1508
27.143
26.1703
25.233
24.331
23.4644
22.6333
21.8378
21.0778
20.3533
19.6642
19.0104
18.3916
17.8078
17.2584
16.7432
16.2616
15.813
15.3969
15.0125
14.659
14.3355
14.041
13.7746
13.5353
13.3219
13.1336
12.9691
12.8277
12.7084
12.6104
12.5329
12.4755
12.4376
12.419
12.4195
12.439
12.4779
12.5363
12.6148
12.7139
12.8343
12.9768
13.1424
13.332
13.5466
13.7873
14.0551
14.351
14.676
15.031
15.417
15.8347
16.2849
16.7681
17.2851
17.8361
18.4218
19.0422
19.6978
20.3887
21.1149
21.8767
22.674
23.5069
24.3752
25.279
26.2181
27.1926
28.2021
29.2468
30.3263
31.4407
32.5897
33.7733
34.9913
36.2436
37.5301
38.8506
40.2051
41.5935
43.0156
44.4713
45.9605
47.4833
49.0394
50.6287
52.2513
53.9071
55.5958
57.3176
59.0724
60.86
62.6804
64.5336
66.4195
68.3382
70.2894
72.2732
74.2896
76.3385
78.4199
80.5337
82.6799
84.8585
87.0695
89.3128
91.5885
93.8963
96.2365
98.6089
101.014
103.45
105.919
108.42
110.954
113.519
116.117
118.746
121.408
124.102
126.828
129.586
132.376
135.198
138.052
140.938
143.856
146.806
149.788
152.802
155.848
158.926
162.036
165.178
168.352
171.558
174.796
178.065
181.367
184.7
188.066
191.463
194.892
198.354
201.847
205.372
208.928
212.517
216.138
219.79
223.475
227.191
230.939
234.719
238.531
242.375
246.25
250.158
254.097
258.068
262.071
266.106
270.173
274.272
278.402
282.564
286.759
290.985
295.242
299.532
303.854
